{'B': 10000,
 'M': 50,
 'N': 3,
 'alpha': 0.64,
 'beta': 30.0,
 'h_max': 4,
 'p_min': 50.0,
 'p_th': 0.01,
 'size': (100, 100),
 'sp_max': 0.2,
 'sp_min': 0.1,
 'times': 1,
 'worker': 1}
[{'A': (3.49036142181322, [(2, 92, 54), (0, 11, 57), (1, 19, 96)], [4, 4, 4]),
  'B': (3.49036142181322, [(1, 19, 96), (2, 92, 54), (0, 11, 57)], [4, 4, 4]),
  'Random': (0.4653281404698037, [(2, 92, 54)], [2])}]
{'A': 3.49036142181322, 'B': 3.49036142181322, 'Random': 0.4653281404698037}
